LEVEL { 0, 0, -10.43, -8.08, -4.45, -8.59, -7.91, -6.15, -8.12, -7.89, -7.24 },
LEVEL { 0, 1, -11.89, -7.51, 2.84, -8.94, -7.71, 1.42, -8.22, -7.82, -2.64 },
LEVEL { 1, 0, -16.65, -13.03, -6.38, -21.07, -17.90, -10.76, -25.71, -22.66, -15.64 },
LEVEL { 1, 1, -24.54, -15.52, 3.09, -29.79, -20.76, 0.43, -34.66, -25.63, -4.66 },
LEVEL { 2, 0, -15.59, -12.55, -5.95, -21.00, -17.87, -10.75, -26.26, -22.96, -15.70 },
LEVEL { 2, 1, -17.68, -12.55, 4.63, -23.18, -17.87, 0.56, -28.67, -22.98, -4.50 },
LEVEL { 3, 0, -11.24, -9.50, -8.15, -8.84, -8.36, -7.99, -8.20, -8.05, -7.93 },
LEVEL { 3, 1, -13.50, -10.44, -8.33, -9.36, -8.61, -8.04, -8.36, -8.13, -7.94 },
LEVEL { 4, 0, -11.04, -9.03, -8.60, -9.30, -10.92, -10.65, -8.87, -11.39, -11.84 },
LEVEL { 4, 1, -12.45, -11.27, -11.42, -9.62, -11.68, -12.13, -8.97, -11.64, -12.32 },
LEVEL { 5, 0, -16.81, -16.23, -13.68, -22.31, -21.66, -16.37, -27.64, -26.89, -21.53 },
LEVEL { 5, 1, -18.96, -19.43, -17.09, -24.52, -24.94, -21.34, -30.10, -30.38, -26.72 },
LEVEL { 6, 0, -12.24, -12.37, -12.19, -10.20, -11.38, -11.73, -9.74, -10.95, -11.46 },
LEVEL { 6, 1, -13.03, -13.52, -13.58, -10.63, -11.91, -12.46, -10.11, -11.33, -11.92 },
LEVEL { 7, 0, -11.12, -9.69, -8.91, -9.54, -9.17, -8.97, -9.14, -8.94, -8.81 },
LEVEL { 7, 1, -11.86, -10.52, -9.89, -9.71, -9.39, -9.23, -9.20, -9.01, -8.89 },
LEVEL { 8, 0, -7.90, -11.44, -13.94, -7.90, -8.27, -9.75, -7.90, -6.09, -4.11 },
LEVEL { 8, 1, -7.90, -11.44, -13.94, -7.90, -8.27, -9.75, -7.90, -6.09, -4.11 },
LEVEL { 9, 0, -7.90, -8.60, -9.71, -7.90, -11.23, -12.94, -7.90, -12.70, -15.01 },
LEVEL { 9, 1, -7.90, -8.60, -9.71, -7.90, -11.23, -12.94, -7.90, -12.70, -15.01 },
LEVEL { 10, 0, -6.81, -9.26, -16.16, -9.11, -11.60, -17.80, -11.27, -13.78, -18.09 },
LEVEL { 10, 1, -6.81, -9.26, -16.16, -9.11, -11.60, -17.80, -11.27, -13.78, -18.09 },
LEVEL { 11, 0, -16.65, -13.03, -6.38, -21.07, -17.90, -10.76, -25.71, -22.66, -15.64 },
LEVEL { 11, 1, -24.54, -15.52, 3.09, -29.79, -20.76, 0.43, -34.66, -25.63, -4.66 },
LEVEL { 12, 0, -9.49, -4.21, -2.60, -13.47, -10.14, -6.47, -18.32, -15.58, -12.31 },
LEVEL { 12, 1, -9.49, -4.21, -2.60, -13.47, -10.14, -6.47, -18.32, -15.58, -12.31 },
LEVEL { 13, 0, -12.27, -10.51, -10.19, -9.11, -11.28, -11.48, -8.29, -11.42, -12.10 },
LEVEL { 13, 1, -12.27, -10.51, -10.19, -9.11, -11.28, -11.48, -8.29, -11.42, -12.10 },
LEVEL { 14, 0, -11.80, -10.17, -8.95, -9.41, -8.99, -8.67, -8.81, -8.68, -8.58 },
LEVEL { 14, 1, -11.80, -10.17, -8.95, -9.41, -8.99, -8.67, -8.81, -8.68, -8.58 },
LEVEL { 15, 0, -13.78, -14.21, -14.36, -11.39, -14.04, -15.00, -10.88, -13.85, -14.67 },
LEVEL { 15, 1, -13.78, -14.21, -14.36, -11.39, -14.04, -15.00, -10.88, -13.85, -14.67 },
LEVEL { 16, 0, -20.70, -16.54, -14.18, -26.37, -22.40, -20.18, -31.25, -27.21, -24.97 },
LEVEL { 16, 1, -20.70, -16.54, -14.18, -26.37, -22.40, -20.18, -31.25, -27.21, -24.97 },
LEVEL { 17, 0, -18.28, -16.47, -13.26, -24.01, -22.16, -18.45, -29.00, -27.02, -22.56 },
LEVEL { 17, 1, -18.28, -16.47, -13.26, -24.01, -22.16, -18.45, -29.00, -27.02, -22.56 },
LEVEL { 18, 0, -9.52, -12.93, -23.39, -13.67, -17.03, -26.25, -18.20, -21.35, -29.41 },
LEVEL { 18, 1, -9.52, -12.93, -23.39, -13.67, -17.03, -26.25, -18.20, -21.35, -29.41 },
LEVEL { 19, 0, -13.91, -13.50, -12.99, -10.35, -10.95, -12.07, -8.67, -7.28, -6.01 },
LEVEL { 19, 1, -13.91, -13.50, -12.99, -10.35, -10.95, -12.07, -8.67, -7.28, -6.01 },
LEVEL { 20, 0, -7.90, -11.60, -14.37, -7.90, -8.57, -10.73, -7.90, -6.38, -4.92 },
LEVEL { 20, 1, -7.90, -11.60, -14.37, -7.90, -8.57, -10.73, -7.90, -6.38, -4.92 },
LEVEL { 21, 0, -7.90, -7.90, -7.90, -7.90, -7.90, -7.90, -7.90, -7.90, -7.90 },
LEVEL { 21, 1, -7.90, -7.90, -7.90, -7.90, -7.90, -7.90, -7.90, -7.90, -7.90 },
LEVEL { 22, 0, -9.25, -12.07, -16.98, -11.85, -14.09, -18.28, -14.27, -15.94, -17.50 },
LEVEL { 22, 1, -9.25, -12.07, -16.98, -11.85, -14.09, -18.28, -14.27, -15.94, -17.50 },
LEVEL { 23, 0, -9.48, -11.90, -15.66, -12.24, -13.88, -15.49, -14.79, -16.93, -19.89 },
LEVEL { 23, 1, -9.48, -11.90, -15.66, -12.24, -13.88, -15.49, -14.79, -16.93, -19.89 },
LEVEL { 24, 0, -10.14, -12.78, -14.13, -13.80, -15.69, -15.96, -16.31, -17.30, -17.42 },
LEVEL { 24, 1, -10.14, -12.78, -14.13, -13.80, -15.69, -15.96, -16.31, -17.30, -17.42 },
